[[  0.    3. ]
 [  2.    2.5]
 [  3.    2. ]
 [  4.    2.5]
 [ 10.    4.5]
 [ 11.    4. ]
 [ 13.    3. ]
 [ 16.    2.5]
 [ 18.    4.5]
 [ 29.    4. ]
 [ 32.    4.5]
 [ 35.    4. ]
 [ 37.    4.5]
 [ 49.    4. ]
 [ 55.    4.5]
 [ 58.    3.5]
 [ 63.    3. ]
 [ 66.    3.5]
 [ 68.    2.5]
 [ 69.    1.5]
 [ 71.    2. ]
 [ 74.    1. ]
 [ 75.    0.5]
 [ 78.    2.5]
 [ 83.    3. ]
 [ 93.    3.5]
 [ 99.    3. ]
 [107.    3.5]
 [112.    4. ]
 [113.    3.5]
 [114.    3. ]
 [119.    2.5]
 [120.    4.5]
 [127.    4. ]
 [149.    4.5]
 [151.    4. ]
 [153.    4.5]
 [154.    3.5]
 [157.    2.5]
 [158.    1. ]
 [160.    2. ]
 [161.    3. ]
 [165.    2.5]
 [168.    3.5]
 [170.    4. ]
 [173.    3.5]
 [177.    4. ]
 [178.    3.5]
 [181.    4. ]
 [188.    4.5]
 [190.    4. ]
 [198.    3.5]
 [226.    4. ]
 [231.    4.5]
 [232.    2.5]
 [234.    1.5]
 [236.    2.5]
 [239.    2. ]
 [264.    3. ]
 [268.    2.5]
 [272.    3. ]
 [273.    2.5]
 [276.    3. ]
 [281.    3.5]
 [283.    4. ]
 [284.    3.5]
 [286.    2. ]
 [289.    0.5]
 [290.    4.5]
 [301.    1. ]
 [306.    0.5]
 [313.    2. ]
 [318.    3.5]
 [321.    4. ]
 [323.    4.5]
 [329.    4. ]
 [331.    4.5]
 [333.    4. ]
 [340.    3.5]
 [342.    4. ]
 [348.    4.5]]
[[  0.    3. ]
 [  3.    2.5]
 [  5.    3.5]
 [ 38.    2.5]
 [ 44.    4. ]
 [ 50.    3.5]
 [ 64.    4. ]
 [ 68.    4.5]
 [ 78.    3. ]
 [ 90.    3.5]
 [ 98.    4.5]
 [111.    3.5]
 [112.    4. ]
 [113.    3.5]
 [121.    3. ]
 [134.    2.5]
 [137.    2. ]
 [149.    1.5]
 [157.    2. ]
 [170.    2.5]
 [172.    0.5]
 [173.    2. ]
 [176.    2.5]
 [191.    4.5]
 [203.    3.5]
 [205.    4. ]
 [206.    4.5]
 [216.    4. ]
 [236.    3.5]
 [241.    4. ]
 [243.    3.5]
 [246.    4.5]
 [302.    4. ]
 [303.    3.5]
 [313.    4. ]
 [323.    4.5]]
[[  0.    3. ]
 [ 10.    3.5]
 [ 14.    4. ]
 [ 26.    3.5]
 [ 30.    4.5]
 [ 40.    4. ]
 [ 47.    4.5]
 [ 55.    3. ]
 [ 77.    2.5]
 [ 87.    3.5]
 [ 95.    4. ]
 [101.    4.5]
 [106.    3.5]
 [115.    2. ]
 [118.    2.5]
 [126.    0.5]
 [132.    4. ]
 [160.    3.5]
 [161.    4. ]
 [164.    4.5]
 [173.    2.5]
 [178.    3.5]
 [180.    2.5]
 [200.    2. ]
 [202.    3.5]
 [218.    3. ]
 [229.    2.5]
 [237.    1. ]
 [240.    1.5]
 [248.    0.5]
 [253.    4. ]
 [270.    3.5]
 [272.    4.5]
 [288.    3. ]
 [291.    3.5]
 [295.    3. ]
 [302.    2.5]
 [307.    1. ]
 [317.    1.5]
 [326.    1. ]
 [327.    2. ]
 [357.    0.5]
 [364.    1.5]
 [367.    2. ]
 [372.    2.5]
 [378.    4. ]
 [380.    4.5]]
[[0.0000e+00 1.6333e+00]
 [1.0000e+00 1.4000e+00]
 [8.0000e+00 1.6333e+00]
 [1.0000e+01 1.8667e+00]
 [1.3000e+01 1.6333e+00]
 [1.7000e+01 2.1000e+00]
 [1.8000e+01 1.6333e+00]
 [1.9000e+01 1.4000e+00]
 [3.1000e+01 1.1667e+00]
 [3.2000e+01 1.4000e+00]
 [4.5000e+01 1.1667e+00]
 [5.0000e+01 1.8667e+00]
 [6.8000e+01 2.1000e+00]
 [7.1000e+01 1.4000e+00]
 [7.2000e+01 1.1667e+00]
 [8.0000e+01 1.4000e+00]
 [8.3000e+01 1.1667e+00]
 [8.8000e+01 7.0000e-01]
 [9.1000e+01 1.1667e+00]
 [9.3000e+01 1.8667e+00]
 [9.8000e+01 1.6333e+00]
 [1.0200e+02 1.4000e+00]
 [1.0800e+02 9.3330e-01]
 [1.1100e+02 1.1667e+00]
 [1.1200e+02 1.6333e+00]
 [1.1600e+02 1.1667e+00]
 [1.2000e+02 1.4000e+00]
 [1.2200e+02 1.1667e+00]
 [1.2400e+02 9.3330e-01]
 [1.2600e+02 2.3330e-01]
 [1.2800e+02 7.0000e-01]
 [1.3100e+02 2.3330e-01]
 [1.3200e+02 9.3330e-01]
 [1.4100e+02 7.0000e-01]
 [1.4300e+02 9.3330e-01]
 [1.4600e+02 1.1667e+00]
 [1.4700e+02 9.3330e-01]
 [1.5000e+02 1.6333e+00]
 [1.5100e+02 1.4000e+00]
 [1.5200e+02 1.1667e+00]
 [1.5300e+02 9.3330e-01]
 [1.5500e+02 1.1667e+00]
 [1.5900e+02 1.4000e+00]
 [1.6700e+02 1.1667e+00]
 [1.6900e+02 2.3330e-01]
 [1.7800e+02 1.8667e+00]
 [1.7900e+02 2.1000e+00]
 [1.8400e+02 1.8667e+00]
 [1.8500e+02 2.1000e+00]
 [1.8700e+02 1.8667e+00]
 [1.9000e+02 1.4000e+00]
 [1.9100e+02 1.8667e+00]
 [1.9500e+02 1.6333e+00]
 [1.9700e+02 9.3330e-01]
 [2.0100e+02 1.6333e+00]
 [2.0500e+02 1.8667e+00]
 [2.0800e+02 1.4000e+00]
 [2.1300e+02 1.6333e+00]
 [2.1500e+02 1.4000e+00]
 [2.1900e+02 1.6333e+00]
 [2.2000e+02 1.1667e+00]
 [2.2700e+02 4.6670e-01]
 [2.2800e+02 7.0000e-01]
 [2.3000e+02 2.3330e-01]
 [2.4500e+02 9.3330e-01]
 [2.4600e+02 2.3330e-01]
 [2.4900e+02 1.6333e+00]
 [2.5100e+02 7.0000e-01]
 [2.6100e+02 1.6333e+00]
 [2.6200e+02 1.4000e+00]
 [2.6400e+02 1.6333e+00]
 [2.6700e+02 2.1000e+00]
 [2.7600e+02 1.8667e+00]
 [2.8100e+02 2.1000e+00]
 [2.8200e+02 1.8667e+00]
 [2.8300e+02 2.1000e+00]
 [2.8500e+02 1.6333e+00]
 [2.8700e+02 1.4000e+00]
 [2.9100e+02 9.3330e-01]
 [2.9600e+02 7.0000e-01]
 [3.0200e+02 4.6670e-01]
 [3.0900e+02 7.0000e-01]
 [3.1400e+02 2.3330e-01]
 [3.2300e+02 1.6333e+00]
 [3.2700e+02 1.4000e+00]
 [3.2800e+02 1.6333e+00]
 [3.3300e+02 1.4000e+00]
 [3.3600e+02 1.1667e+00]
 [3.5800e+02 4.6670e-01]
 [3.5900e+02 2.3330e-01]
 [3.6100e+02 4.6670e-01]
 [3.6300e+02 7.0000e-01]
 [3.6500e+02 1.1667e+00]
 [3.6700e+02 9.3330e-01]
 [3.6800e+02 2.3330e-01]
 [3.7200e+02 4.6670e-01]
 [3.7800e+02 7.0000e-01]
 [3.7900e+02 2.3330e-01]
 [3.8000e+02 7.0000e-01]
 [3.8400e+02 4.6670e-01]
 [3.8700e+02 1.4000e+00]
 [3.9800e+02 1.6333e+00]
 [4.0100e+02 1.4000e+00]
 [4.0800e+02 1.6333e+00]
 [4.1000e+02 1.8667e+00]
 [4.1100e+02 2.1000e+00]
 [4.1400e+02 1.8667e+00]
 [4.2500e+02 1.6333e+00]
 [4.2900e+02 1.4000e+00]
 [4.3400e+02 1.6333e+00]
 [4.3600e+02 1.8667e+00]
 [4.3900e+02 1.6333e+00]
 [4.4700e+02 1.8667e+00]
 [4.5000e+02 2.1000e+00]
 [4.5700e+02 1.6333e+00]
 [4.6100e+02 1.1667e+00]
 [4.6200e+02 1.8667e+00]
 [4.6300e+02 2.1000e+00]
 [4.7200e+02 1.8667e+00]
 [4.7300e+02 2.1000e+00]
 [4.7500e+02 1.1667e+00]
 [4.8000e+02 9.3330e-01]
 [4.9000e+02 4.6670e-01]
 [4.9700e+02 7.0000e-01]
 [4.9800e+02 9.3330e-01]
 [4.9900e+02 1.1667e+00]
 [5.0600e+02 7.0000e-01]
 [5.0900e+02 2.3330e-01]
 [5.1100e+02 7.0000e-01]
 [5.1600e+02 4.6670e-01]
 [5.2100e+02 2.3330e-01]
 [5.2500e+02 7.0000e-01]
 [5.2700e+02 1.1667e+00]
 [5.2800e+02 1.6333e+00]
 [5.2900e+02 2.1000e+00]
 [5.3100e+02 1.4000e+00]
 [5.3300e+02 1.6333e+00]
 [5.3700e+02 1.1667e+00]
 [5.3800e+02 4.6670e-01]
 [5.4100e+02 7.0000e-01]
 [5.4500e+02 4.6670e-01]
 [5.4600e+02 9.3330e-01]
 [5.4800e+02 1.6333e+00]
 [5.5100e+02 1.4000e+00]
 [5.5400e+02 1.6333e+00]
 [5.5800e+02 1.8667e+00]
 [5.5900e+02 1.4000e+00]
 [5.6000e+02 1.6333e+00]
 [5.6200e+02 1.4000e+00]
 [5.6700e+02 1.1667e+00]
 [5.7400e+02 1.6333e+00]
 [5.7600e+02 1.8667e+00]
 [5.8400e+02 2.1000e+00]
 [5.9900e+02 1.8667e+00]
 [6.0000e+02 2.1000e+00]
 [6.0500e+02 1.4000e+00]
 [6.0900e+02 1.1667e+00]
 [6.1000e+02 1.4000e+00]
 [6.1300e+02 1.1667e+00]
 [6.1700e+02 1.8667e+00]
 [6.2400e+02 2.1000e+00]
 [6.2900e+02 1.6333e+00]
 [6.3000e+02 2.1000e+00]
 [6.3800e+02 1.8667e+00]
 [6.4400e+02 1.6333e+00]
 [6.4700e+02 1.4000e+00]
 [6.4800e+02 1.1667e+00]
 [6.5800e+02 2.1000e+00]
 [6.6100e+02 1.8667e+00]
 [6.6200e+02 1.6333e+00]
 [6.6400e+02 1.8667e+00]
 [6.6600e+02 1.4000e+00]
 [6.6800e+02 1.1667e+00]
 [6.7300e+02 2.1000e+00]
 [6.7500e+02 1.6333e+00]
 [6.7600e+02 1.8667e+00]
 [6.8800e+02 1.6333e+00]
 [6.9100e+02 1.1667e+00]
 [6.9700e+02 1.4000e+00]
 [7.0900e+02 1.6333e+00]
 [7.1400e+02 2.1000e+00]
 [7.1500e+02 1.6333e+00]
 [7.2700e+02 1.4000e+00]
 [7.3000e+02 9.3330e-01]
 [7.4000e+02 1.4000e+00]
 [7.4500e+02 1.6333e+00]
 [7.4900e+02 2.1000e+00]
 [7.5200e+02 1.8667e+00]
 [7.5300e+02 1.4000e+00]
 [7.5600e+02 1.1667e+00]
 [7.6300e+02 7.0000e-01]
 [7.6400e+02 1.6333e+00]
 [7.7800e+02 1.4000e+00]
 [7.8400e+02 1.6333e+00]
 [7.8500e+02 1.8667e+00]
 [7.8800e+02 1.6333e+00]
 [7.9000e+02 1.8667e+00]
 [7.9300e+02 1.6333e+00]
 [7.9400e+02 2.1000e+00]
 [7.9900e+02 1.8667e+00]
 [8.1000e+02 1.6333e+00]
 [8.1100e+02 1.4000e+00]
 [8.2000e+02 1.6333e+00]
 [8.2300e+02 1.4000e+00]
 [8.2700e+02 1.6333e+00]
 [8.3100e+02 1.1667e+00]
 [8.3200e+02 1.4000e+00]
 [8.3600e+02 1.6333e+00]
 [8.3900e+02 1.8667e+00]
 [8.4100e+02 2.1000e+00]
 [8.4400e+02 9.3330e-01]]
[[0.0000e+00 1.6333e+00]
 [1.8000e+01 1.1667e+00]
 [2.1000e+01 2.1000e+00]
 [2.5000e+01 1.1667e+00]
 [3.0000e+01 1.4000e+00]
 [3.2000e+01 1.6333e+00]
 [3.7000e+01 1.4000e+00]
 [3.8000e+01 1.1667e+00]
 [4.1000e+01 7.0000e-01]
 [4.7000e+01 4.6670e-01]
 [5.2000e+01 9.3330e-01]
 [5.3000e+01 1.4000e+00]
 [5.9000e+01 1.6333e+00]
 [7.4000e+01 1.4000e+00]
 [9.1000e+01 1.1667e+00]
 [1.2100e+02 2.1000e+00]
 [1.2400e+02 1.8667e+00]
 [1.3900e+02 9.3330e-01]
 [1.5800e+02 7.0000e-01]
 [1.6900e+02 9.3330e-01]
 [2.0700e+02 2.3330e-01]
 [2.1100e+02 1.1667e+00]
 [2.2900e+02 9.3330e-01]
 [2.4700e+02 1.6333e+00]
 [2.4800e+02 1.8667e+00]
 [2.5600e+02 1.6333e+00]
 [2.6700e+02 1.8667e+00]
 [2.6900e+02 1.6333e+00]
 [2.7000e+02 1.8667e+00]
 [2.8100e+02 1.6333e+00]
 [3.1300e+02 2.1000e+00]
 [3.1500e+02 1.4000e+00]
 [3.3900e+02 1.6333e+00]
 [3.5500e+02 1.8667e+00]
 [3.6100e+02 1.6333e+00]
 [3.6800e+02 1.8667e+00]
 [3.7200e+02 1.4000e+00]
 [3.7500e+02 1.6333e+00]
 [3.8200e+02 1.4000e+00]
 [4.2800e+02 7.0000e-01]
 [4.3500e+02 1.4000e+00]
 [4.5400e+02 1.6333e+00]
 [4.6400e+02 1.8667e+00]
 [4.6500e+02 2.1000e+00]
 [4.7600e+02 1.6333e+00]
 [5.0800e+02 1.8667e+00]
 [5.1400e+02 1.6333e+00]
 [5.1600e+02 9.3330e-01]
 [5.2000e+02 2.1000e+00]
 [5.3000e+02 1.4000e+00]
 [5.3200e+02 1.6333e+00]
 [5.4300e+02 1.4000e+00]
 [5.4400e+02 1.8667e+00]
 [5.6600e+02 2.1000e+00]
 [5.7000e+02 1.6333e+00]
 [5.7100e+02 2.1000e+00]
 [5.8100e+02 1.8667e+00]
 [5.8400e+02 1.4000e+00]
 [5.9700e+02 1.1667e+00]
 [6.0400e+02 2.1000e+00]
 [6.1900e+02 1.4000e+00]
 [6.3300e+02 1.1667e+00]
 [6.5100e+02 1.6333e+00]
 [6.6800e+02 1.4000e+00]
 [6.9300e+02 1.1667e+00]
 [7.0800e+02 1.4000e+00]
 [7.1900e+02 1.6333e+00]
 [7.5300e+02 2.1000e+00]
 [7.6000e+02 1.8667e+00]
 [7.7000e+02 4.6670e-01]
 [7.7200e+02 2.3330e-01]
 [7.7700e+02 1.6333e+00]]
[[0.0000e+00 2.1000e+00]
 [5.0000e+00 7.0000e-01]
 [1.8000e+01 1.1667e+00]
 [2.4000e+01 1.8667e+00]
 [2.5000e+01 2.1000e+00]
 [3.6000e+01 1.6333e+00]
 [4.3000e+01 1.8667e+00]
 [5.7000e+01 2.1000e+00]
 [6.5000e+01 1.8667e+00]
 [7.5000e+01 1.4000e+00]
 [8.2000e+01 1.1667e+00]
 [1.0200e+02 2.3330e-01]
 [1.0500e+02 7.0000e-01]
 [1.1300e+02 2.1000e+00]
 [1.1500e+02 1.8667e+00]
 [1.2600e+02 1.6333e+00]
 [1.4100e+02 1.8667e+00]
 [1.4700e+02 2.1000e+00]
 [1.6400e+02 9.3330e-01]
 [1.6900e+02 1.1667e+00]
 [1.8400e+02 1.4000e+00]
 [1.8600e+02 1.1667e+00]
 [1.8700e+02 1.6333e+00]
 [1.8800e+02 1.4000e+00]
 [2.0800e+02 9.3330e-01]
 [2.2200e+02 1.6333e+00]
 [2.2600e+02 1.4000e+00]
 [2.3300e+02 1.6333e+00]
 [2.3500e+02 1.8667e+00]
 [2.5200e+02 1.4000e+00]
 [2.6100e+02 1.1667e+00]
 [2.6400e+02 1.4000e+00]
 [2.7600e+02 1.1667e+00]
 [2.8400e+02 1.4000e+00]
 [2.9200e+02 1.1667e+00]
 [2.9500e+02 2.3330e-01]
 [3.0500e+02 1.8667e+00]
 [3.0600e+02 1.4000e+00]
 [3.1400e+02 1.1667e+00]
 [3.2100e+02 7.0000e-01]
 [3.3400e+02 2.3330e-01]
 [3.4100e+02 1.8667e+00]
 [3.5900e+02 2.1000e+00]
 [3.7300e+02 1.6333e+00]
 [3.7400e+02 1.8667e+00]
 [3.7500e+02 2.1000e+00]
 [4.1500e+02 1.1667e+00]
 [4.3000e+02 4.6670e-01]
 [4.3200e+02 1.1667e+00]
 [4.3800e+02 4.6670e-01]
 [4.4300e+02 7.0000e-01]
 [4.4400e+02 2.3330e-01]
 [4.4700e+02 2.1000e+00]
 [4.6100e+02 1.8667e+00]
 [4.8000e+02 1.6333e+00]
 [4.8200e+02 1.8667e+00]
 [4.8400e+02 2.1000e+00]
 [4.9500e+02 1.8667e+00]
 [5.0500e+02 1.1667e+00]
 [5.0900e+02 1.6333e+00]
 [5.1100e+02 1.8667e+00]
 [5.1900e+02 1.6333e+00]
 [5.5100e+02 1.1667e+00]
 [5.5500e+02 7.0000e-01]
 [5.5800e+02 1.1667e+00]
 [5.6700e+02 9.3330e-01]
 [5.7800e+02 7.0000e-01]
 [5.9700e+02 1.6333e+00]
 [6.0200e+02 2.1000e+00]
 [6.0800e+02 1.8667e+00]
 [6.3500e+02 2.1000e+00]
 [6.4000e+02 1.8667e+00]
 [6.5800e+02 2.1000e+00]
 [6.6700e+02 1.8667e+00]
 [6.7200e+02 2.1000e+00]
 [6.8200e+02 9.3330e-01]
 [6.8900e+02 2.1000e+00]
 [6.9000e+02 1.8667e+00]
 [6.9200e+02 1.6333e+00]
 [6.9800e+02 1.4000e+00]
 [7.0600e+02 1.1667e+00]
 [7.1700e+02 2.1000e+00]
 [7.2000e+02 1.6333e+00]
 [7.2100e+02 1.8667e+00]
 [7.2300e+02 1.4000e+00]
 [7.2500e+02 9.3330e-01]
 [7.3300e+02 1.1667e+00]
 [7.3600e+02 2.1000e+00]
 [7.5100e+02 1.6333e+00]]
[[0.0000e+00 2.0000e+00]
 [2.0000e+00 2.3333e+00]
 [6.0000e+00 2.0000e+00]
 [1.6000e+01 2.3333e+00]
 [2.1000e+01 1.6667e+00]
 [2.4000e+01 2.0000e+00]
 [2.9000e+01 1.6667e+00]
 [3.2000e+01 2.3333e+00]
 [3.9000e+01 2.6667e+00]
 [4.2000e+01 2.3333e+00]
 [5.8000e+01 2.0000e+00]
 [5.9000e+01 2.3333e+00]
 [6.0000e+01 1.6667e+00]
 [6.5000e+01 2.0000e+00]
 [7.3000e+01 3.0000e+00]
 [7.5000e+01 1.6667e+00]
 [7.6000e+01 3.3330e-01]
 [7.7000e+01 2.0000e+00]
 [7.9000e+01 2.3333e+00]
 [8.7000e+01 1.6667e+00]
 [8.8000e+01 6.6670e-01]
 [9.2000e+01 3.3330e-01]
 [9.6000e+01 1.0000e+00]
 [9.8000e+01 2.3333e+00]
 [9.9000e+01 2.6667e+00]
 [1.0100e+02 3.0000e+00]
 [1.0300e+02 2.6667e+00]
 [1.1500e+02 3.0000e+00]
 [1.2100e+02 2.0000e+00]
 [1.2800e+02 1.6667e+00]
 [1.3400e+02 1.3333e+00]
 [1.3500e+02 1.6667e+00]
 [1.3600e+02 6.6670e-01]
 [1.4100e+02 3.3330e-01]
 [1.5400e+02 6.6670e-01]
 [1.5500e+02 1.0000e+00]
 [1.6000e+02 6.6670e-01]
 [1.6400e+02 1.0000e+00]
 [1.6500e+02 2.3333e+00]
 [1.6600e+02 3.0000e+00]
 [1.6800e+02 2.6667e+00]
 [1.6900e+02 3.0000e+00]
 [1.7400e+02 2.0000e+00]
 [1.7500e+02 1.6667e+00]
 [1.8200e+02 1.0000e+00]
 [1.8800e+02 2.0000e+00]
 [1.8900e+02 2.3333e+00]
 [1.9100e+02 2.0000e+00]
 [1.9900e+02 1.6667e+00]
 [2.0400e+02 2.3333e+00]
 [2.0500e+02 2.6667e+00]
 [2.0600e+02 2.3333e+00]
 [2.1100e+02 2.0000e+00]
 [2.1700e+02 2.3333e+00]
 [2.2000e+02 2.0000e+00]
 [2.2700e+02 2.3333e+00]
 [2.2800e+02 2.0000e+00]
 [2.3400e+02 1.6667e+00]
 [2.4000e+02 2.6667e+00]
 [2.4100e+02 3.0000e+00]
 [2.4400e+02 2.3333e+00]
 [2.4900e+02 2.6667e+00]
 [2.5200e+02 3.0000e+00]
 [2.5400e+02 2.0000e+00]
 [2.5800e+02 1.6667e+00]
 [2.5900e+02 3.3330e-01]
 [2.6200e+02 2.0000e+00]
 [2.6600e+02 1.6667e+00]
 [2.6700e+02 2.3333e+00]
 [2.6800e+02 1.6667e+00]
 [2.6900e+02 2.3333e+00]
 [2.7100e+02 2.6667e+00]
 [2.7300e+02 3.0000e+00]
 [2.7500e+02 2.6667e+00]
 [2.7800e+02 2.3333e+00]
 [2.7900e+02 1.3333e+00]
 [2.8000e+02 1.6667e+00]
 [2.8100e+02 3.3330e-01]
 [2.8200e+02 2.3333e+00]
 [2.8700e+02 2.6667e+00]
 [3.0300e+02 2.0000e+00]
 [3.0400e+02 2.3333e+00]
 [3.1100e+02 2.0000e+00]
 [3.1900e+02 2.3333e+00]
 [3.2100e+02 1.6667e+00]
 [3.2600e+02 1.0000e+00]
 [3.2800e+02 1.3333e+00]
 [3.3200e+02 6.6670e-01]
 [3.3400e+02 1.0000e+00]
 [3.3800e+02 6.6670e-01]
 [3.4100e+02 1.0000e+00]
 [3.4900e+02 1.3333e+00]
 [3.5000e+02 1.6667e+00]
 [3.5100e+02 6.6670e-01]
 [3.5400e+02 1.3333e+00]
 [3.5600e+02 1.0000e+00]
 [3.6000e+02 2.3333e+00]
 [3.6300e+02 1.0000e+00]
 [3.6400e+02 1.3333e+00]
 [3.7100e+02 1.6667e+00]
 [3.7300e+02 2.0000e+00]
 [3.7400e+02 1.6667e+00]
 [3.8300e+02 1.0000e+00]
 [3.8600e+02 1.3333e+00]
 [3.8800e+02 2.0000e+00]
 [3.9100e+02 1.6667e+00]
 [3.9400e+02 2.3333e+00]
 [4.0500e+02 1.6667e+00]
 [4.0900e+02 2.3333e+00]
 [4.1100e+02 2.6667e+00]
 [4.1600e+02 3.0000e+00]
 [4.1900e+02 2.0000e+00]
 [4.2100e+02 1.6667e+00]
 [4.2600e+02 1.3333e+00]
 [4.3000e+02 2.3333e+00]
 [4.3300e+02 2.6667e+00]
 [4.3500e+02 3.0000e+00]
 [4.3600e+02 2.6667e+00]
 [4.4100e+02 2.3333e+00]
 [4.5200e+02 1.3333e+00]
 [4.5600e+02 2.0000e+00]
 [4.7500e+02 2.3333e+00]
 [4.7800e+02 2.0000e+00]
 [4.7900e+02 1.6667e+00]
 [4.8400e+02 1.0000e+00]
 [4.8500e+02 1.6667e+00]
 [4.8600e+02 2.0000e+00]
 [4.9600e+02 2.3333e+00]
 [4.9900e+02 1.6667e+00]
 [5.0500e+02 2.3333e+00]
 [5.0900e+02 2.6667e+00]
 [5.1600e+02 2.3333e+00]
 [5.2100e+02 2.6667e+00]
 [5.2300e+02 3.0000e+00]
 [5.2700e+02 2.6667e+00]
 [5.3100e+02 3.0000e+00]
 [5.3500e+02 2.6667e+00]
 [5.3600e+02 3.0000e+00]
 [5.3700e+02 2.6667e+00]
 [5.3800e+02 3.0000e+00]
 [5.4500e+02 2.3333e+00]
 [5.4900e+02 2.6667e+00]
 [5.5100e+02 3.0000e+00]
 [5.5900e+02 2.6667e+00]
 [5.6000e+02 2.3333e+00]
 [5.6300e+02 2.6667e+00]
 [5.6700e+02 2.3333e+00]
 [5.6800e+02 2.6667e+00]
 [5.7300e+02 3.0000e+00]]
[[0.0000e+00 2.0000e+00]
 [6.0000e+00 1.6667e+00]
 [1.0000e+01 2.3333e+00]
 [1.7000e+01 2.6667e+00]
 [2.2000e+01 3.0000e+00]
 [3.4000e+01 2.6667e+00]
 [3.6000e+01 2.3333e+00]
 [5.8000e+01 1.6667e+00]
 [5.9000e+01 3.3330e-01]
 [6.5000e+01 2.0000e+00]
 [8.2000e+01 2.3333e+00]
 [8.3000e+01 2.0000e+00]
 [8.7000e+01 1.6667e+00]
 [9.6000e+01 2.6667e+00]
 [9.9000e+01 2.3333e+00]
 [1.0600e+02 2.0000e+00]
 [1.1000e+02 1.3333e+00]
 [1.1400e+02 6.6670e-01]
 [1.1500e+02 1.0000e+00]
 [1.1800e+02 1.3333e+00]
 [1.4500e+02 2.0000e+00]
 [1.4600e+02 2.3333e+00]
 [1.6000e+02 2.0000e+00]
 [1.8600e+02 2.3333e+00]
 [1.8800e+02 2.0000e+00]
 [1.9700e+02 2.6667e+00]
 [1.9800e+02 3.0000e+00]
 [2.0100e+02 2.3333e+00]
 [2.0800e+02 2.6667e+00]
 [2.1500e+02 2.0000e+00]
 [2.2200e+02 2.3333e+00]
 [2.3300e+02 2.0000e+00]
 [2.4100e+02 2.3333e+00]
 [2.6300e+02 2.6667e+00]
 [2.6400e+02 2.3333e+00]
 [2.6900e+02 1.6667e+00]
 [2.7100e+02 1.3333e+00]
 [2.7200e+02 3.3330e-01]
 [2.9100e+02 1.6667e+00]
 [3.0000e+02 3.0000e+00]
 [3.1700e+02 2.3333e+00]
 [3.3600e+02 2.0000e+00]
 [3.5100e+02 1.6667e+00]
 [3.5500e+02 1.3333e+00]
 [3.5700e+02 2.3333e+00]
 [3.7700e+02 2.0000e+00]
 [3.8700e+02 2.3333e+00]
 [4.0400e+02 2.6667e+00]
 [4.1300e+02 3.0000e+00]
 [4.2400e+02 2.6667e+00]
 [4.2800e+02 2.3333e+00]
 [4.3600e+02 2.6667e+00]
 [4.6100e+02 3.0000e+00]
 [4.6400e+02 2.0000e+00]
 [4.7100e+02 1.6667e+00]
 [4.7400e+02 6.6670e-01]
 [4.7800e+02 3.3330e-01]
 [4.7900e+02 3.0000e+00]
 [4.8900e+02 2.3333e+00]
 [4.9600e+02 2.0000e+00]
 [5.0900e+02 2.3333e+00]
 [5.1100e+02 2.6667e+00]
 [5.1200e+02 3.0000e+00]
 [5.1600e+02 2.0000e+00]
 [5.1900e+02 2.3333e+00]
 [5.3600e+02 2.6667e+00]]
[[0.0000e+00 2.0000e+00]
 [5.0000e+00 1.6667e+00]
 [1.1000e+01 3.0000e+00]
 [2.0000e+01 2.6667e+00]
 [2.4000e+01 1.6667e+00]
 [3.3000e+01 1.3333e+00]
 [4.9000e+01 3.3330e-01]
 [5.3000e+01 1.6667e+00]
 [7.0000e+01 2.0000e+00]
 [8.8000e+01 1.3333e+00]
 [1.0200e+02 1.0000e+00]
 [1.0600e+02 1.6667e+00]
 [1.2000e+02 2.0000e+00]
 [1.2200e+02 1.3333e+00]
 [1.3700e+02 1.0000e+00]
 [1.4800e+02 6.6670e-01]
 [1.4900e+02 3.0000e+00]
 [1.5000e+02 1.3333e+00]
 [1.5800e+02 2.3333e+00]
 [1.6600e+02 2.0000e+00]
 [1.6800e+02 1.6667e+00]
 [1.7600e+02 6.6670e-01]
 [1.8600e+02 1.0000e+00]
 [2.0000e+02 6.6670e-01]
 [2.1200e+02 1.0000e+00]
 [2.1700e+02 2.6667e+00]
 [2.2200e+02 1.6667e+00]
 [2.2300e+02 1.0000e+00]
 [2.4900e+02 2.3333e+00]
 [2.5900e+02 2.6667e+00]
 [2.6100e+02 2.3333e+00]
 [2.6200e+02 2.6667e+00]
 [2.6400e+02 3.0000e+00]
 [2.7100e+02 2.6667e+00]
 [2.7600e+02 3.0000e+00]
 [2.8200e+02 2.0000e+00]
 [2.8500e+02 2.3333e+00]
 [2.9700e+02 2.0000e+00]
 [3.0400e+02 1.6667e+00]
 [3.2400e+02 1.3333e+00]
 [3.4100e+02 1.6667e+00]
 [3.4200e+02 1.3333e+00]
 [3.4300e+02 2.0000e+00]
 [3.4600e+02 1.6667e+00]
 [3.6400e+02 6.6670e-01]
 [3.7600e+02 2.3333e+00]
 [3.8200e+02 1.6667e+00]
 [3.8400e+02 3.3330e-01]
 [3.9200e+02 2.3333e+00]
 [3.9400e+02 2.6667e+00]
 [4.0300e+02 2.3333e+00]
 [4.0400e+02 3.0000e+00]
 [4.1100e+02 2.3333e+00]
 [4.2800e+02 1.6667e+00]
 [4.3000e+02 6.6670e-01]
 [4.5700e+02 1.0000e+00]
 [4.6100e+02 6.6670e-01]
 [4.8500e+02 1.0000e+00]
 [4.9700e+02 2.6667e+00]
 [5.0000e+02 3.0000e+00]
 [5.0200e+02 2.6667e+00]
 [5.0600e+02 3.0000e+00]
 [5.2400e+02 2.6667e+00]
 [5.2600e+02 3.0000e+00]
 [5.2700e+02 2.6667e+00]
 [5.3400e+02 3.0000e+00]
 [5.4000e+02 2.6667e+00]
 [5.4200e+02 3.0000e+00]
 [5.4300e+02 2.6667e+00]
 [5.4500e+02 3.0000e+00]
 [5.4800e+02 2.6667e+00]
 [5.6400e+02 2.3333e+00]
 [5.7100e+02 2.6667e+00]
 [5.7300e+02 3.0000e+00]
 [5.8200e+02 2.6667e+00]
 [5.8800e+02 3.0000e+00]
 [5.9500e+02 2.6667e+00]
 [5.9600e+02 2.3333e+00]
 [6.0900e+02 2.6667e+00]
 [6.1900e+02 2.3333e+00]
 [6.2100e+02 2.6667e+00]
 [6.2200e+02 3.0000e+00]
 [6.2600e+02 2.6667e+00]
 [6.2800e+02 2.3333e+00]
 [6.3300e+02 2.0000e+00]
 [6.3500e+02 2.3333e+00]]
